[gd_scene load_steps=8 format=2]

[ext_resource path="res://carrot.gd" type="Script" id=1]

[sub_resource type="SpatialMaterial" id=1]
albedo_color = Color( 0.909804, 0.52549, 0.027451, 1 )

[sub_resource type="PrismMesh" id=2]
material = SubResource( 1 )
size = Vector3( 1.094, 1.298, 0.322 )

[sub_resource type="BoxShape" id=3]
extents = Vector3( 0.835, 1.233, 0.15 )

[sub_resource type="SpatialMaterial" id=5]
albedo_color = Color( 0.054902, 0.760784, 0.133333, 1 )

[sub_resource type="PrismMesh" id=4]
material = SubResource( 5 )
size = Vector3( 0.3, 0.3, 0.1 )

[sub_resource type="BoxShape" id=6]
extents = Vector3( 0.865189, 1.22358, 0.142794 )

[node name="carrot" type="Spatial"]

[node name="carrot" type="KinematicBody" parent="."]
transform = Transform( 0.3, 0, 0, 0, 0.3, 0, 0, 0, 0.3, 0, 0, 0 )
collision_layer = 2
collision_mask = 2
script = ExtResource( 1 )

[node name="MeshInstance" type="MeshInstance" parent="carrot"]
transform = Transform( -1, 1.50996e-07, 0, -1.50996e-07, -1, 0, 0, 0, 1, 0, 0.642919, 0 )
mesh = SubResource( 2 )
material/0 = null

[node name="CollisionShape" type="CollisionShape" parent="carrot"]
transform = Transform( 1, 0, 0, 0, 1, 0, 0, 0, 1, 0.00563863, 1.179, 2.38419e-07 )
shape = SubResource( 3 )

[node name="MeshInstance2" type="MeshInstance" parent="carrot"]
transform = Transform( -0.813831, -0.581101, 0, 0.577851, -0.80928, -0.105605, 0.0613669, -0.0859443, 0.994408, 0.182074, 2.13761, 0.083668 )
mesh = SubResource( 4 )
material/0 = null

[node name="MeshInstance3" type="MeshInstance" parent="carrot"]
transform = Transform( -0.897181, -0.441663, 0, 0.426613, -0.86661, 0.258819, -0.114311, 0.232208, 0.965926, 0.0995587, 1.62279, -0.142389 )
mesh = SubResource( 4 )
material/0 = null

[node name="MeshInstance4" type="MeshInstance" parent="carrot"]
transform = Transform( -0.783823, 0.620983, 0, -0.599824, -0.757115, 0.258819, 0.160722, 0.202868, 0.965926, -0.339511, 2.11985, -0.149469 )
mesh = SubResource( 4 )
material/0 = null

[node name="MeshInstance5" type="MeshInstance" parent="carrot"]
transform = Transform( -0.933085, 0.359655, 0, -0.3474, -0.901291, -0.258819, -0.0930855, -0.2415, 0.965926, -0.21074, 1.6302, 0.0594279 )
mesh = SubResource( 4 )
material/0 = null

[node name="MeshInstance6" type="MeshInstance" parent="carrot"]
transform = Transform( -0.624193, -0.78127, 0, 0.754649, -0.602924, 0.258819, -0.202208, 0.161553, 0.965926, 0.511769, 2.03401, -0.0597737 )
mesh = SubResource( 4 )
material/0 = null

[node name="Area" type="Area" parent="carrot"]

[node name="CollisionShape" type="CollisionShape" parent="carrot/Area"]
transform = Transform( 1, 0, 0, 0, 1, 0, 0, 0, 1, 0.00702073, 1.18257, 0 )
shape = SubResource( 6 )
[connection signal="body_entered" from="carrot/Area" to="carrot" method="_on_Area_body_entered"]
