[gd_scene load_steps=16 format=2]

[ext_resource path="res://carrot.tscn" type="PackedScene" id=1]
[ext_resource path="res://grass-bush.tscn" type="PackedScene" id=2]
[ext_resource path="res://player.tscn" type="PackedScene" id=3]
[ext_resource path="res://game.gd" type="Script" id=4]
[ext_resource path="res://camera_horizontal.gd" type="Script" id=5]
[ext_resource path="res://ground2.tscn" type="PackedScene" id=6]
[ext_resource path="res://tree.tscn" type="PackedScene" id=7]
[ext_resource path="res://Button-re-start.gd" type="Script" id=8]
[ext_resource path="res://CameraStart.gd" type="Script" id=9]

[sub_resource type="DynamicFontData" id=5]
font_path = "res://fonts/8-bit-operator/8bitOperatorPlus8-Regular.ttf"

[sub_resource type="DynamicFont" id=6]
size = 31
font_data = SubResource( 5 )

[sub_resource type="CanvasItemMaterial" id=1]

[sub_resource type="DynamicFontData" id=2]
font_path = "res://fonts/8-bit-operator/8bitOperatorPlus8-Regular.ttf"

[sub_resource type="DynamicFont" id=3]
size = 45
outline_color = Color( 0.141176, 0.0352941, 0.0352941, 1 )
font_data = SubResource( 2 )

[sub_resource type="CubeMesh" id=4]

[node name="game" type="Spatial"]
script = ExtResource( 4 )
pathToCamera = NodePath("camera_horizontal/camera_vertical/Camera")

[node name="player" parent="." instance=ExtResource( 3 )]
transform = Transform( 0.993564, 0, 0.113273, 0, 1, 0, -0.113273, 0, 0.993564, -0.659292, 0, -0.471364 )
pathToCamera = NodePath("../camera_horizontal/camera_vertical/Camera")
labelPath = NodePath("../Label")

[node name="camera_horizontal" type="Spatial" parent="."]
transform = Transform( 0.707107, 0, 0.707107, 0, 1, 0, -0.707107, 0, 0.707107, 0.340708, 5, 0.528636 )
script = ExtResource( 5 )
pathToPlayer = NodePath("../player")

[node name="camera_vertical" type="Spatial" parent="camera_horizontal"]
transform = Transform( 1, 0, 0, 0, 0.34202, 0.939693, 0, -0.939693, 0.34202, 0, 0, 0 )

[node name="Camera" type="Camera" parent="camera_horizontal/camera_vertical"]
transform = Transform( 1, 0, 0, 0, 1, 2.68221e-07, 0, 0, 1, 0, 0, 0 )
fov = 78.6
size = 7.0
far = 207.5

[node name="DirectionalLight" type="DirectionalLight" parent="."]
transform = Transform( 0.948154, -0.198093, 0.24852, -0.0892968, 0.584422, 0.806522, -0.305007, -0.786899, 0.536433, -2.13893, 28.4791, 9.9618 )
shadow_enabled = true

[node name="ground2" parent="." instance=ExtResource( 6 )]
transform = Transform( 1, 0, 0, 0, 1, 0, 0, 0, 1, 0, 0.05, 0 )

[node name="grass-bush" parent="ground2" instance=ExtResource( 2 )]
transform = Transform( 1, 0, 0, 0, 1, 0, 0, 0, 1, 1.93674, 0.0396056, 1.14585 )

[node name="grass-bush2" parent="ground2" instance=ExtResource( 2 )]
transform = Transform( 1, 0, 0, 0, 1, 0, 0, 0, 1, -0.42435, 0.0396056, 2.93558 )

[node name="grass-bush3" parent="ground2" instance=ExtResource( 2 )]
transform = Transform( 1, 0, 0, 0, 1, 0, 0, 0, 1, 0.983738, 0.0396056, -3.22363 )

[node name="grass-bush4" parent="ground2" instance=ExtResource( 2 )]
transform = Transform( 1, 0, 0, 0, 1, 0, 0, 0, 1, -4.80965, 0.0396056, 0.482984 )

[node name="grass-bush5" parent="ground2" instance=ExtResource( 2 )]
transform = Transform( 1, 0, 0, 0, 1, 0, 0, 0, 1, -3.42905, 0.0396056, 4.22383 )

[node name="grass-bush6" parent="ground2" instance=ExtResource( 2 )]
transform = Transform( 1, 0, 0, 0, 1, 0, 0, 0, 1, 3.0835, 0.0396056, 7.02133 )

[node name="grass-bush7" parent="ground2" instance=ExtResource( 2 )]
transform = Transform( 1, 0, 0, 0, 1, 0, 0, 0, 1, 6.93569, 0.0396056, 3.77954 )

[node name="grass-bush8" parent="ground2" instance=ExtResource( 2 )]
transform = Transform( 1, 0, 0, 0, 1, 0, 0, 0, 1, 6.78903, 0.0396056, 7.5727 )

[node name="grass-bush9" parent="ground2" instance=ExtResource( 2 )]
transform = Transform( 1, 0, 0, 0, 1, 0, 0, 0, 1, 5.49827, 0.0396056, -0.263598 )

[node name="grass-bush10" parent="ground2" instance=ExtResource( 2 )]
transform = Transform( 1, 0, 0, 0, 1, 0, 0, 0, 1, 3.79129, 0.0396056, 3.81277 )

[node name="grass-bush11" parent="ground2" instance=ExtResource( 2 )]
transform = Transform( 1, 0, 0, 0, 1, 0, 0, 0, 1, 4.75861, 0.0396056, -3.48463 )

[node name="grass-bush12" parent="ground2" instance=ExtResource( 2 )]
transform = Transform( 1, 0, 0, 0, 1, 0, 0, 0, 1, -4.58078, 0.0396056, -7.63479 )

[node name="grass-bush13" parent="ground2" instance=ExtResource( 2 )]
transform = Transform( 1, 0, 0, 0, 1, 0, 0, 0, 1, -8.25847, 0.0396056, -3.28145 )

[node name="grass-bush14" parent="ground2" instance=ExtResource( 2 )]
transform = Transform( 1, 0, 0, 0, 1, 0, 0, 0, 1, -4.67296, 0.0396056, -3.95978 )

[node name="grass-bush15" parent="ground2" instance=ExtResource( 2 )]
transform = Transform( 1, 0, 0, 0, 1, 0, 0, 0, 1, 0.849612, 0.0396056, -8.69565 )

[node name="grass-bush16" parent="ground2" instance=ExtResource( 2 )]
transform = Transform( 0.886131, 0, -0.463435, 0, 1, 0, 0.463435, 0, 0.886131, 0.818617, 0.0396056, -8.30515 )

[node name="grass-bush17" parent="ground2" instance=ExtResource( 2 )]
transform = Transform( 0.886131, 0, -0.463435, 0, 1, 0, 0.463435, 0, 0.886131, 1.15562, 0.0396056, -8.42255 )

[node name="grass-bush18" parent="ground2" instance=ExtResource( 2 )]
transform = Transform( 0.886131, 0, -0.463435, 0, 1, 0, 0.463435, 0, 0.886131, 7.92719, 0.0396056, -8.02015 )

[node name="grass-bush19" parent="ground2" instance=ExtResource( 2 )]
transform = Transform( 0.886131, 0, -0.463435, 0, 1, 0, 0.463435, 0, 0.886131, -7.46495, 0.0396065, 4.92938 )

[node name="grass-bush20" parent="ground2" instance=ExtResource( 2 )]
transform = Transform( 0.886131, 0, -0.463435, 0, 1, 0, 0.463435, 0, 0.886131, -3.05869, 0.0396065, 7.00991 )

[node name="grass-bush21" parent="ground2" instance=ExtResource( 2 )]
transform = Transform( 0.333593, 0, -0.942717, 0, 1, 0, 0.942717, 0, 0.333593, -2.76315, 0.0396065, 6.75848 )

[node name="grass-bush22" parent="ground2" instance=ExtResource( 2 )]
transform = Transform( 0.69354, 0, -0.720418, 0, 1, 0, 0.720418, 0, 0.69354, -2.75194, 0.0396065, 7.08963 )

[node name="grass-bush23" parent="ground2" instance=ExtResource( 2 )]
transform = Transform( 0.488244, 0.00590774, -0.872687, 0.0167843, 0.999729, 0.0161581, 0.872546, -0.0225366, 0.488013, -6.79146, 0.0396065, 4.88735 )

[node name="grass-bush24" parent="ground2" instance=ExtResource( 2 )]
transform = Transform( 0.488244, 0.00590774, -0.872687, 0.0167843, 0.999729, 0.0161581, 0.872546, -0.0225366, 0.488013, -3.67452, 0.0396065, 3.94676 )

[node name="grass-bush25" parent="ground2" instance=ExtResource( 2 )]
transform = Transform( 0.488244, 0.00590774, -0.872687, 0.0167843, 0.999729, 0.0161581, 0.872546, -0.0225366, 0.488013, -4.56454, 0.0396065, 0.535513 )

[node name="grass-bush26" parent="ground2" instance=ExtResource( 2 )]
transform = Transform( 0.488244, 0.00590774, -0.872687, 0.0167843, 0.999729, 0.0161581, 0.872546, -0.0225366, 0.488013, -7.68421, 0.0396065, -3.06491 )

[node name="grass-bush27" parent="ground2" instance=ExtResource( 2 )]
transform = Transform( 0.488244, 0.00590774, -0.872687, 0.0167843, 0.999729, 0.0161581, 0.872546, -0.0225366, 0.488013, -4.78069, 0.0396063, -3.90114 )

[node name="grass-bush28" parent="ground2" instance=ExtResource( 2 )]
transform = Transform( 0.488244, 0.00590774, -0.872687, 0.0167843, 0.999729, 0.0161581, 0.872546, -0.0225366, 0.488013, -1.22768, 0.0396063, -2.24669 )

[node name="grass-bush29" parent="ground2" instance=ExtResource( 2 )]
transform = Transform( 0.488244, 0.00590774, -0.872687, 0.0167843, 0.999729, 0.0161581, 0.872546, -0.0225366, 0.488013, -0.301323, 0.0396063, -1.87651 )

[node name="grass-bush30" parent="ground2" instance=ExtResource( 2 )]
transform = Transform( 0.488244, 0.00590774, -0.872687, 0.0167843, 0.999729, 0.0161581, 0.872546, -0.0225366, 0.488013, -1.43082, 0.0396063, -3.80873 )

[node name="grass-bush31" parent="ground2" instance=ExtResource( 2 )]
transform = Transform( 0.774082, -0.00276383, -0.633079, 0.0167843, 0.999729, 0.0161581, 0.632863, -0.0231335, 0.773919, 4.49906, 0.0396063, -3.93176 )

[node name="grass-bush32" parent="ground2" instance=ExtResource( 2 )]
transform = Transform( 0.774082, -0.00276383, -0.633079, 0.0167843, 0.999729, 0.0161581, 0.632863, -0.0231335, 0.773919, 7.17393, 0.0396063, -7.91267 )

[node name="grass-bush33" parent="ground2" instance=ExtResource( 2 )]
transform = Transform( 0.774082, -0.00276383, -0.633079, 0.0167843, 0.999729, 0.0161581, 0.632863, -0.0231335, 0.773919, 7.25152, 0.0396063, 2.99818 )

[node name="grass-bush34" parent="ground2" instance=ExtResource( 2 )]
transform = Transform( 0.774082, -0.00276383, -0.633079, 0.0167843, 0.999729, 0.0161581, 0.632863, -0.0231335, 0.773919, -4.63845, 0.0396063, -8.26064 )

[node name="Button-re-start" type="Button" parent="."]
anchor_top = 0.499
anchor_right = 0.5
anchor_bottom = 0.5
margin_left = 134.0
margin_top = 7.60001
margin_right = -221.0
margin_bottom = 92.0
custom_fonts/font = SubResource( 6 )
text = "re/start"
script = ExtResource( 8 )
__meta__ = {
"_edit_use_anchors_": false
}
pathToCamera = NodePath("../camera_horizontal/camera_vertical/Camera")

[node name="Label" type="Label" parent="."]
modulate = Color( 0.164706, 0.12549, 0.0980392, 1 )
material = SubResource( 1 )
margin_left = 49.0
margin_top = 28.0
margin_right = 174.0
margin_bottom = 80.0
size_flags_stretch_ratio = 0.0
custom_fonts/font = SubResource( 3 )
text = "carrots 0/25"
__meta__ = {
"_edit_use_anchors_": false
}

[node name="fireworksCaster" type="MeshInstance" parent="."]
transform = Transform( 1, 0, 0, 0, -1.62921e-07, 1, 0, -1, -1.62921e-07, 1.76648, 1, 8.95794 )
visible = false
mesh = SubResource( 4 )
material/0 = null

[node name="CameraStart" type="Camera" parent="."]
transform = Transform( -0.934986, -0.063325, 0.348987, -0.02427, 0.993049, 0.11517, -0.353855, 0.0992119, -0.930024, 0.94997, 0.846522, -2.81351 )
current = true
fov = 56.0
near = 0.01
far = 183.7
script = ExtResource( 9 )
pathToPlayer = NodePath("../player")

[node name="carrots" type="Spatial" parent="."]

[node name="carrot" parent="carrots" instance=ExtResource( 1 )]
transform = Transform( 1, 0, 0, 0, 1, 0, 0, 0, 1, 6.22624, 0, -7.10884 )

[node name="carrot2" parent="carrots" instance=ExtResource( 1 )]
transform = Transform( 1, 0, 0, 0, 1, 0, 0, 0, 1, -7, 0, -5 )

[node name="carrot3" parent="carrots" instance=ExtResource( 1 )]
transform = Transform( 1, 0, 0, 0, 1, 0, 0, 0, 1, 6.43861, 0, -2.43793 )

[node name="carrot6" parent="carrots" instance=ExtResource( 1 )]
transform = Transform( 1, 0, 0, 0, 1, 0, 0, 0, 1, -0.561385, 0, -2.43793 )

[node name="carrot7" parent="carrots" instance=ExtResource( 1 )]
transform = Transform( 1, 0, 0, 0, 1, 0, 0, 0, 1, -2.56139, 0, -2.43793 )

[node name="carrot8" parent="carrots" instance=ExtResource( 1 )]
transform = Transform( 1, 0, 0, 0, 1, 0, 0, 0, 1, -1.30734, 0, -1.32656 )

[node name="carrot9" parent="carrots" instance=ExtResource( 1 )]
transform = Transform( 1, 0, 0, 0, 1, 0, 0, 0, 1, 3.00621, 0, 4.65178 )

[node name="carrot14" parent="carrots" instance=ExtResource( 1 )]
transform = Transform( 1, 0, 0, 0, 1, 0, 0, 0, 1, 0.697069, 0, 2.13567 )

[node name="carrot15" parent="carrots" instance=ExtResource( 1 )]
transform = Transform( 1, 0, 0, 0, 1, 0, 0, 0, 1, 2.98374, -4.76837e-07, -0.220073 )

[node name="carrot16" parent="carrots" instance=ExtResource( 1 )]
transform = Transform( 1, 0, 0, 0, 1, 0, 0, 0, 1, 7.08714, -4.76837e-07, 0.451068 )

[node name="carrot17" parent="carrots" instance=ExtResource( 1 )]
transform = Transform( 1, 0, 0, 0, 1, 0, 0, 0, 1, -2.27626, -4.76837e-07, 5.947 )

[node name="carrot18" parent="carrots" instance=ExtResource( 1 )]
transform = Transform( 1, 0, 0, 0, 1, 0, 0, 0, 1, -5.27626, -4.76837e-07, 2.947 )

[node name="carrot19" parent="carrots" instance=ExtResource( 1 )]
transform = Transform( 1, 0, 0, 0, 1, 0, 0, 0, 1, 1.64577, -4.76837e-07, -6.41832 )

[node name="carrot11" parent="carrots" instance=ExtResource( 1 )]
transform = Transform( 1, 0, 0, 0, 1, 0, 0, 0, 1, 4.15238, 0, 2.12371 )

[node name="carrot12" parent="carrots" instance=ExtResource( 1 )]
transform = Transform( 1, 0, 0, 0, 1, 0, 0, 0, 1, 4.85564, 0, 4.81844 )

[node name="carrot13" parent="carrots" instance=ExtResource( 1 )]
transform = Transform( 1, 0, 0, 0, 1, 0, 0, 0, 1, 6.55934, 0, 6.38113 )

[node name="carrot10" parent="carrots" instance=ExtResource( 1 )]
transform = Transform( 1, 0, 0, 0, 1, 0, 0, 0, 1, 2.54476, 0, 3.11766 )

[node name="carrot4" parent="carrots" instance=ExtResource( 1 )]
transform = Transform( 1, 0, 0, 0, 1, 0, 0, 0, 1, -6.17882, 0, 6.07811 )

[node name="carrot5" parent="carrots" instance=ExtResource( 1 )]
transform = Transform( 1, 0, 0, 0, 1, 0, 0, 0, 1, -0.0518842, 0, 8.41762 )

[node name="trees" type="Spatial" parent="."]

[node name="tree" parent="trees" instance=ExtResource( 7 )]
transform = Transform( 1, 0, 0, 0, 1, 0, 0, 0, 1, -0.180367, 0.00388646, 4.95063 )

[node name="tree2" parent="trees" instance=ExtResource( 7 )]
transform = Transform( -0.886519, 0, 0.462692, 0, 1, 0, -0.462692, 0, -0.886519, 3.47742, 0.00388741, 3.9353 )

[node name="tree3" parent="trees" instance=ExtResource( 7 )]
transform = Transform( 0.964594, 0, 0.263739, 0, 1, 0, -0.263739, 0, 0.964594, 3.97129, 0.00388741, -4.4977 )

[node name="tree4" parent="trees" instance=ExtResource( 7 )]
transform = Transform( -0.471412, 0, 0.881913, 0, 1, 0, -0.881913, 0, -0.471412, -3.71402, 0.00388837, -3.54909 )
[connection signal="pressed" from="Button-re-start" to="Button-re-start" method="_on_Buttonrestart_pressed"]
